x, y_data, y_fit
1,77.0,76.90031252349632
2,77.5,77.013135884944
3,77.1,77.11104911766253
4,77.1,77.19565586885149
5,77.1,77.26844896854861
6,77.15,77.33081593804918
7,77.2,77.38404429525946
8,77.25,77.42932666245959
9,77.3,77.46776568184816
10,77.35,77.50037874413952
11,77.4,77.52810253538408
12,77.45,77.55179740708321
13,77.5,77.57225157457219
14,77.55,77.59018514854743
15,77.6,77.60625400451943
16,77.65,77.62105349487766
17,77.7,77.63512200816082
18,77.75,77.64894438003344
19,77.8,77.66295516037906
20,77.85,77.67754174083002
21,77.9,77.69304734696574
22,77.95,77.70977389932293
23,78.0,77.72798474727558
24,77.87,77.74790727975669
25,77.73,77.76973541670931
26,77.6,77.79363198507184
27,77.7,77.81973098301998
28,77.8,77.84813973610689
29,77.9,77.87894094886333
30,78.0,77.91219465534051
31,78.1,77.94794007200063
32,78.07,77.98619735628365
33,78.03,78.02696927410277
34,78.0,78.0702427794466
35,78.4,78.11599050919291
36,78.6,78.16417219616524
37,78.8,78.21473600339326
38,79.0,78.26761978246662
39,78.5,78.32275225880258
40,78.4,78.38005414657941
41,78.45,78.43943919602006
42,78.5,78.50081517564375
43,78.37,78.56408479203816
44,78.23,78.62914654963996
45,78.1,78.69589555294786
46,78.4,78.76422425353016
47,78.56,78.83402314412649
48,78.71,78.90518140208347
49,78.87,78.9775874843036
50,79.03,79.05112967582835
51,79.19,79.12569659411838
52,79.34,79.20117765103682
53,79.5,79.27746347448549
54,79.38,79.35444629158913
55,79.25,79.43202027526786
56,79.13,79.51008185598559
57,79.0,79.5885300004088
58,79.2,79.66726645865936
59,78.2,79.74619598179387
60,79.0,79.82522651109234
61,79.3,79.90426934069013
62,80.3,79.98323925503922
63,80.23,80.062054642637
64,80.15,80.1406375874152
65,80.08,80.21891393913565
66,80.0,80.29681336409456
67,80.27,80.37426937739365
68,80.53,80.4512193579933
69,80.8,80.52760454772016
70,80.6,80.60337003536091
71,80.4,80.67846472693262
72,80.5,80.75284130318056
73,80.66,80.82645616531542
74,80.82,80.89926936996295
75,80.98,80.97124455426246
76,81.14,81.04234885201275
77,81.3,81.11255280172932
78,80.6,81.18183024743979
79,81.12,81.2501582330118
80,81.63,81.31751689077257
81,82.15,81.38388932514648
82,82.67,81.44926149200533
83,83.18,81.51362207439344
84,83.7,81.57696235525972
85,83.9,81.63927608779795
86,83.05,81.7005593639673
87,82.2,81.76081048173681
88,82.4,81.82002981156808
89,82.1,81.87821966262463
90,82.4,81.93538414916867
91,81.4,81.9915290575795
92,81.63,82.0466617144038
93,81.87,82.10079085582177
94,82.1,82.15392649888946
95,82.0,82.20607981489488
96,81.4,82.25726300514062
97,82.3,82.30748917944626
98,82.85,82.35677223763942
99,83.4,82.40512675428462
100,83.1,82.45256786688027
101,82.8,82.49911116772878
102,82.5,82.54477259967467
103,82.2,82.58956835587583
104,81.9,82.63351478376549
105,81.6,82.67662829333722
106,81.7,82.7189252698723
107,81.65,82.76042199121206
108,81.6,82.8011345496594
109,81.55,82.84107877858224
110,81.5,82.88027018377396
111,81.6,82.9187238796127
112,81.93,82.95645453004751
113,82.25,82.99347629442671
114,82.58,83.02980277816964
115,82.9,83.06544698827406
116,83.1,83.10042129363354
117,83.3,83.13473739013715
118,83.5,83.16840627050301
119,83.7,83.20143819879524
120,83.7,83.23384268955915
121,83.57,83.26562849150218
122,83.43,83.29680357563961
123,83.3,83.32737512781294
124,83.3,83.3573495454853
125,83.57,83.38673243870687
126,83.83,83.41552863513854
127,84.1,83.4437421890119
128,84.0,83.47137639390621
129,83.93,83.49843379920144
130,83.87,83.5249162300811
131,83.8,83.55082481093402
132,83.73,83.57615999201462
133,83.67,83.60092157920832
134,83.6,83.6251087667464
135,83.63,83.64872017271522
136,83.66,83.67175387719632
137,83.69,83.69420746287382
138,83.71,83.7160780579409
139,83.74,83.73736238114162
140,83.77,83.75805678877036
141,83.8,83.77815732346393
142,83.83,83.79765976461012
143,83.86,83.81655968019514
144,83.89,83.83485247992598
145,83.91,83.85253346944091
146,83.94,83.86959790544412
147,83.97,83.8860410515829
148,84.0,83.90185823489922
149,84.0,83.91704490267924
150,84.0,83.93159667953495
151,84.0,83.94550942454207
152,84.0,83.95877928827143
153,84.01,83.97140276954221
154,84.01,83.98337677174314
155,84.01,83.99469865854974
156,84.01,84.00536630888172
157,84.01,84.01537817095637
158,84.01,84.02473331526367
159,84.01,84.03343148633498
160,84.01,84.0414731531505
161,84.01,84.04885955803775
162,84.01,84.05559276394027
163,84.02,84.06167569990366
164,84.02,84.0671122046643
165,84.02,84.0719070682001
166,84.02,84.07606607115166
167,84.02,84.07959602195434
168,84.02,84.08250479161646
169,84.02,84.08480134600538
170,84.02,84.08649577555313
171,84.02,84.08759932229914
172,84.03,84.08812440414081
173,84.03,84.08808463626613
174,84.03,84.0874948496369
175,84.03,84.08637110647415
176,84.03,84.08473071268592
177,84.03,84.08259222716144
178,84.03,84.07997546787672
179,84.03,84.07690151478172
180,84.03,84.07339270940666
181,84.03,84.0694726511551
182,84.04,84.0651661902703
183,84.04,84.06049941742582
184,84.04,84.05549964994512
185,84.04,84.05019541462875
186,84.04,84.0446164271795
187,84.04,84.03879356826027
188,84.04,84.03275885613108
189,84.04,84.02654541594931
190,84.04,84.02018744571951
191,84.04,84.01372017890837
192,84.05,84.00717984379678
193,84.05,84.00060361958676
194,84.05,83.99402958930084
195,84.05,83.98749668956842
196,84.05,83.9810446573124
197,84.05,83.97471397342535
198,84.05,83.96854580352638
199,84.05,83.96258193584828
200,84.05,83.95686471633644
201,84.06,83.95143698109128
202,84.06,83.94634198622353
203,84.06,83.94162333521218
204,84.06,83.93732490392053
205,84.06,83.9334907633104
206,84.06,83.93016510010341
207,84.06,83.9273921353336
208,84.06,83.92521604111334
209,84.06,83.92368085560348
210,84.06,83.92283039642193
211,84.07,83.92270817256762
212,84.07,83.92335729509539
213,84.07,83.9248203866088
214,84.07,83.92713948978188
215,84.07,83.93035597510512
216,84.07,83.93451044792592
217,84.07,83.93964265507954
218,84.07,83.94579139118802
219,84.07,83.95299440486374
220,84.08,83.9612883050086
221,84.08,83.97070846734232
222,84.08,83.9812889413916
223,84.08,83.99306235815521
224,84.08,84.00605983860167
225,84.08,84.02031090318465
226,84.08,84.03584338264378
227,84.08,84.052683330227
228,84.08,84.07085493559227
229,84.08,84.09038044052916
230,84.09,84.1112800568059
231,84.09,84.13357188621768
232,84.09,84.15727184316906
233,84.09,84.18239357996491
234,84.09,84.20894841493822
235,84.09,84.23694526374143
236,84.09,84.26639057389949
237,84.09,84.2972882629937
238,84.09,84.3296396604313
239,84.09,84.36344345324926
240,84.1,84.39869563604766
241,84.1,84.43538946519315
242,84.1,84.47351541762333
243,84.1,84.51306115433762
244,84.1,84.55401148883148
245,84.03,84.59634836062801
246,83.97,84.64005081405615
247,83.9,84.68509498258055
248,84.03,84.73145407868094
249,84.15,84.77909838961034
250,84.28,84.8279952790901
251,84.4,84.87810919511661
252,84.1,84.92940168413237
253,84.2,84.98183141149917
254,84.3,85.03535418861685
255,84.6,85.08992300672706
256,84.8,85.14548807746061
257,85.0,85.20199688040152
258,85.2,85.25939421759786
259,85.4,85.31762227522107
260,86.4,85.37662069242289
261,85.4,85.43632663749015
262,85.3,85.49667489124967
263,86.5,85.55759793801992
264,87.7,85.61902606383087
265,86.9,85.68088746213299
266,86.5,85.7431083470354
267,86.1,85.8056130739953
268,86.05,85.86832426784798
269,86.0,85.93116295844602
270,86.7,85.99404872349454
271,86.1,86.05689983883117
272,86.1,86.11963343589612
273,86.1,86.18216566633782
274,86.9,86.24441187379945
275,86.6,86.30628677236706
276,86.5,86.36770463205129
277,87.5,86.42857947076473
278,87.1,86.48882525264489
279,86.7,86.5483560927701
280,87.7,86.60708646773999
281,87.47,86.66493143203871
282,87.23,86.72180683996814
283,87.0,86.77762957256053
284,87.5,86.83231776972214
285,86.9,86.8857910664668
286,86.65,86.9379708337724
287,86.4,86.98878042295337
288,87.8,87.03814541347735
289,88.1,87.08599386382103
290,87.5,87.13225656458509
291,87.0,87.17686729394819
292,86.5,87.21976307417368
293,85.4,87.26088442935692
294,86.3,87.3001756432245
295,87.2,87.33758501701794
296,88.1,87.37306512602065
297,87.65,87.40657307473927
298,87.2,87.43807074994146
299,86.1,87.46752507008915
300,86.5,87.49490823161558
301,86.9,87.52019795003221
302,87.3,87.54337769595527
303,87.0,87.56443692442345
304,87.5,87.58337129731561
305,88.7,87.60018289720824
306,88.15,87.61488043197552
307,87.6,87.62747942969025
308,87.55,87.63800242141824
309,87.5,87.64647911193445
310,87.37,87.65294653699034
311,87.23,87.65744920542684
312,87.1,87.66003922538775
313,86.3,87.66077641326376
314,86.78,87.65972838377863
315,87.26,87.65697062010516
316,87.74,87.65258652270572
317,88.22,87.64666743470625
318,88.7,87.63931264319945
319,88.35,87.63062935460563
320,88.0,87.62073264172514
321,87.65,87.60974536232132
322,87.3,87.5977980458394
323,87.32,87.58502874779974
324,87.33,87.57158286921151
325,87.35,87.55761293952375
326,87.36,87.54327836144826
327,87.38,87.5287451141492
328,87.39,87.514185415403
329,87.41,87.4997773379967
330,87.42,87.48570437950428
331,87.44,87.47215498338767
332,87.45,87.45932200797168
333,87.47,87.4474021426209
334,87.48,87.43659526697249
335,87.5,87.42710375201322
336,87.52,87.41913169967421
337,87.53,87.41288411894286
338,87.55,87.40856603519919
339,87.56,87.4063815305324
340,87.58,87.40653271199932
341,87.59,87.40921860475669
342,87.61,87.4146339673744
343,87.62,87.42296802685337
344,87.64,87.43440312834693
345,87.65,87.4491132987994
346,87.67,87.46726271974562
347,87.68,87.4890041063187
348,87.7,87.5144769888597
349,87.72,87.5438058942148
350,87.73,87.57709842263863
351,87.75,87.61444321699946
352,87.76,87.65590781976557
353,87.78,87.70153641535671
354,87.79,87.75134745265022
355,87.81,87.80533114456847
356,87.82,87.86344683967728
357,87.84,87.92562026363576
358,87.85,87.99174062295275
359,87.87,88.061657570468
360,87.88,88.13517802521181
361,87.9,88.21206284408169
362,88.1,88.29202333904357
363,88.3,88.37471763691656
364,88.5,88.45974687562867
365,88.7,88.54665123212179
366,88.77,88.63490577868512
367,88.84,88.72391615927705
368,88.91,88.81301408438989
369,88.99,88.90145263638352
370,89.06,88.988401381324
371,89.13,89.07294128157491
372,89.2,89.15405940275741
373,89.13,89.23064341113007
374,89.07,89.30147585324423
375,89.0,89.3652282144952
376,89.18,89.42045474820883
377,89.36,89.46558607061478
378,89.54,89.49892251546187
379,89.72,89.51862724013476
380,89.9,89.52271908025813
381,89.7,89.50906514190278
382,89.5,89.47537312828042
383,89.17,89.41918339245638
384,88.83,89.33786070895205
385,88.5,89.22858575756321
386,88.87,89.08834631303019
387,89.23,88.9139281318173
388,89.6,88.70190552924606
R-squared: 0.9801732822695366Coefficients: [ 7.67708589e+01  1.38372533e-01 -9.23112081e-03  3.17564971e-04
 -5.35747778e-06  5.21878214e-08 -3.13876571e-10  1.18100861e-12
 -2.70032367e-15  3.42349005e-18 -1.84286919e-21]
